31777
31534
31504
31407
31406
31097
31052
31042
30974
30973
30967
30887
30821
30729
30687
30538
30355
30159
30029
29960
29929
29720
29709
29708
29691
29642
29631
29546
29470
29219
29210
29062
29018
28971
28913
28892
28888
28879
28822
28755
28701
28692
28677
28603
28597
28587
28511
28450
28406
28343
28332
28306
28295
28280
28244
28181
28103
28101
28095
28083
28064
28029
27931
27883
27871
27865
27853
27818
27764
27754
27753
27715
27707
27532
27512
27484
27468
27445
27402
27291
27165
27146
27126
27123
26977
26971
26952
26853
26746
26739
26727
26717
26714
26682
26680
26654
26559
26534
26509
26475
26456
26373
26347
26325
26289
26286
26174
26132
26125
26092
25983
25956
25955
25945
25931
25854
25823
25803
25769
25710
25649
25635
25603
25522
25429
25369
25319
25306
25197
25132
25055
25005
24957
24923
24886
24883
24833
24812
24789
24733
24686
24683
24680
24666
24604
24600
24588
24577
24542
24534
24511
24503
24486
24390
24197
24172
24149
24146
24054
23972
23915
23908
23895
23809
23807
23791
23727
23692
23647
23608
23564
23506
23362
23332
23274
23198
23122
22971
22951
22943
22895
22832
22760
22735
22703
22701
22683
22668
22593
22584
22538
22537
22529
22509
22464
22421
22375
22370
22368
22346
22211
22204
22184
22131
22095
22036
22035
21716
21635
21591
21556
21476
21350
21229
21197
21193
21133
21116
21083
21078
20938
20903
20841
20839
20774
20691
20680
20653
20491
20392
20324
20308
20102
19984
19956
19948
19818
19783
19749
19734
19717
19674
19618
19572
19561
19500
19346
19339
19328
19280
19249
19170
19152
19111
19110
19085
19034
18864
18754
18437
18434
18321
18242
18218
18161
18099
18046
18013
17871
17861
17735
17716
17677
17446
17115
17091
16902
16828
16799
16780
16693
16553
16537
16470
16457
16366
16362
16256
16173
16123
16071
16038
16020
15956
15945
15914
15911
15909
15879
15511
15478
15471
15456
15282
15160
15159
15099
14988
14930
14812
14626
14613
14568
14545
14430
14306
14155
14142
14043
13932
13747
13625
13321
13245
13236
13227
13110
13096
13095
12970
12931
12921
12779
12777
12696
12666
12634
12617
12591
12574
12536
12520
12434
12413
12405
12375
12338
12239
12222
12185
12093
12040
11967
11906
11885
11868
11813
11750
11698
11690
11624
11579
11394
11355
11328
11280
11277
11241
11234
10958
10928
10893
10829
10811
10742
10736
10587
10522
10399
10385
10228
10227
10214
10166
10091
9896
9857
9855
9838
9826
9806
9610
9559
9497
9493
9440
9427
9425
9403
9395
9391
9384
9189
9014
8973
8776
8646
8643
8533
8526
8524
8506
8488
8479
8434
8384
8357
8248
8245
8224
8039
8012
7995
7970
7794
7701
7685
7670
7651
7596
7594
7591
7585
7536
7426
7415
7386
7377
7376
7334
7319
7305
7284
7271
7270
7244
7233
7208
7174
7137
7008
6917
6914
6908
6901
6848
6842
6838
6830
6786
6677
6649
6593
6552
6547
6511
6487
6382
6140
6081
6051
6036
5941
5939
5930
5921
5744
5628
5560
5559
5441
5401
5396
5385
5319
5282
5159
5136
5047
5037
5036
4978
4944
4907
4901
4888
4850
4799
4776
4716
4691
4652
4628
4573
4570
4535
4527
4525
4466
4463
4405
4353
4351
4343
4332
4244
4134
4128
4118
4061
4053
4015
4007
3984
3949
3913
3692
3662
3653
3648
3636
3524
3350
3337
3186
3095
3045
3043
2979
2978
2769
2746
2542
2522
2517
2453
2164
2009
1997
1959
1898
1667
1514
1356
1295
1264
1223
1154
945
938
936
857
452
420
107
68
32
29
27
24
16
14
3
31832
31828
31781
31752
31729
31676
31645
31548
31528
31521
31354
31246
31121
31089
31057
31002
30885
30870
30863
30860
30783
30673
30647
30585
30393
30191
29810
29438
29354
29213
29184
29020
28576
28187
27993
27814
27495
27299
27203
26651
26648
26371
26359
26235
26013
25824
25791
25052
23442
22687
22523
21549
19614
16606
