31870
31869
31867
31837
31832
31830
31828
31827
31816
31807
31801
31781
31779
31777
31776
31762
31760
31758
31757
31752
31747
31733
31729
31725
31715
31712
31701
31692
31676
31657
31645
31643
31638
31637
31612
31608
31607
31604
31597
31590
31572
31571
31551
31550
31548
31542
31534
31533
31532
31530
31528
31521
31514
31504
31498
31497
31478
31476
31465
31453
31448
31415
31407
31406
31395
31391
31390
31380
31354
31338
31330
31328
31322
31294
31293
31282
31251
31246
31236
31235
31185
31183
31178
31176
31175
31169
31159
31149
31135
31133
31121
31115
31102
31099
31097
31089
31071
31057
31055
31052
31050
31046
31042
31017
31011
31002
30997
30991
30990
30975
30974
30973
30972
30967
30949
30910
30907
30897
30887
30885
30877
30870
30864
30863
30860
30856
30845
30842
30821
30794
30783
30775
30754
30746
30739
30735
30732
30729
30719
30716
30706
30697
30692
30687
30680
30673
30647
30629
30616
30610
30609
30602
30598
30587
30585
30583
30582
30577
30539
30538
30531
30528
30502
30494
30492
30484
30455
30442
30438
30407
30393
30391
30386
30373
30364
30361
30355
30352
30346
30292
30291
30289
30285
30267
30254
30244
30210
30203
30200
30191
30190
30171
30159
30158
30156
30151
30141
30132
30125
30102
30097
30078
30056
30049
30030
30029
30014
30005
30002
29993
29990
29979
29960
29954
29929
29926
29901
29896
29887
29884
29880
29879
29873
29846
29844
29830
29810
29798
29795
29780
29775
29773
29772
29769
29766
29748
29746
29720
29709
29708
29706
29697
29691
29642
29631
29630
29626
29621
29607
29575
29569
29558
29546
29524
29512
29490
29488
29470
29452
29438
29421
29387
29376
29354
29346
29345
29335
29322
29320
29316
29315
29304
29287
29271
29267
29257
29244
29243
29242
29240
29219
29217
29214
29213
29212
29210
29202
29191
29184
29182
29149
29132
29131
29129
29127
29125
29124
29118
29074
29065
29062
29047
29046
29037
29027
29020
29018
29004
28992
28988
28985
28972
28971
28968
28964
28955
28949
28942
28935
28926
28917
28913
28904
28892
28888
28879
28878
28850
28847
28841
28831
28822
28816
28812
28803
28798
28788
28784
28783
28779
28775
28774
28769
28761
28760
28756
28755
28730
28723
28718
28716
28711
28709
28701
28698
28694
28693
28692
28687
28682
28677
28670
28664
28619
28607
28603
28597
28587
28582
28576
28561
28555
28540
28526
28511
28510
28503
28502
28500
28497
28495
28479
28464
28450
28444
28431
28428
28424
28406
28398
28387
28383
28378
28376
28373
28368
28367
28366
28365
28358
28343
28332
28323
28321
28306
28302
28298
28296
28295
28284
28282
28280
28279
28263
28244
28200
28187
28181
28176
28169
28168
28166
28133
28124
28103
28101
28095
28088
28083
28080
28074
28064
28044
28029
28026
28024
28023
28002
27993
27967
27959
27954
27948
27943
27931
27927
27926
27919
27895
27891
27884
27883
27873
27871
27865
27856
27853
27818
27814
27813
27809
27793
27772
27764
27754
27753
27748
27735
27733
27731
27715
27712
27707
27702
27694
27686
27682
27665
27660
27659
27623
27622
27605
27603
27565
27563
27553
27541
27539
27532
27525
27512
27503
27495
27487
27484
27474
27468
27460
27457
27445
27439
27435
27420
27417
27402
27383
27373
27370
27338
27328
27326
27323
27322
27311
27310
27309
27307
27299
27294
27291
27284
27280
27261
27247
27244
27223
27216
27206
27203
27192
27183
27165
27146
27134
27126
27123
27097
27064
27058
27050
27049
27039
27029
27008
26980
26977
26971
26969
26953
26952
26910
26891
26887
26876
26859
26853
26849
26836
26818
26813
26807
26801
26790
26763
26746
26739
26729
26727
26717
26714
26704
26696
26682
26680
26674
26668
26663
26654
26651
26648
26647
26641
26628
26609
26604
26599
26575
26566
26559
26546
26545
26538
26535
26534
26532
26526
26510
26509
26504
26497
26494
26485
26475
26467
26456
26436
26410
26394
26377
26375
26373
26371
26359
26353
26347
26339
26325
26322
26319
26313
26295
26289
26286
26285
26268
26265
26250
26235
26220
26214
26212
26207
26183
26174
26164
26151
26138
26132
26125
26116
26107
26092
26084
26068
26066
26048
26046
26038
26027
26024
26013
25984
25983
25956
25955
25954
25948
25947
25945
25935
25931
25925
25914
25909
25892
25883
25863
25858
25854
25845
25825
25824
25823
25817
25803
25791
25774
25769
25763
25752
25743
25740
25732
25728
25722
25710
25703
25696
25676
25674
25668
25667
25652
25649
25643
25635
25628
25611
25609
25607
25603
25594
25586
25565
25534
25532
25522
25513
25509
25503
25496
25488
25471
25455
25447
25438
25432
25429
25427
25406
25398
25369
25351
25331
25319
25306
25302
25297
25288
25266
25264
25250
25249
25238
25233
25228
25205
25197
25196
25193
25178
25164
25149
25137
25132
25119
25093
25077
25062
25055
25052
25049
25046
25016
25005
24999
24993
24957
24939
24926
24925
24924
24923
24919
24918
24914
24913
24911
24905
24887
24886
24883
24864
24863
24833
24829
24812
24789
24775
24769
24757
24733
24727
24722
24713
24701
24700
24686
24683
24680
24666
24648
24642
24611
24604
24600
24597
24595
24588
24577
24575
24561
24542
24539
24534
24532
24519
24518
24511
24505
24503
24500
24490
24486
24485
24440
24390
24385
24359
24344
24342
24330
24322
24287
24274
24266
24263
24261
24254
24252
24248
24239
24219
24217
24215
24197
24194
24187
24172
24149
24146
24122
24106
24101
24097
24091
24085
24072
24054
24046
24033
24022
24010
23991
23973
23972
23961
23953
23942
23939
23915
23908
23895
23882
23829
23815
23809
23807
23791
23774
23750
23748
23745
23742
23727
23696
23695
23692
23686
23679
23671
23648
23647
23644
23608
23592
23570
23569
23564
23537
23512
23506
23504
23498
23445
23442
23426
23424
23414
23412
23411
23408
23392
23370
23362
23349
23348
23332
23306
23287
23280
23279
23274
23273
23264
23245
23229
23207
23204
23198
23182
23169
23162
23146
23123
23122
23119
23116
23079
23071
23066
23058
23045
23024
23010
23006
23002
22991
22979
22971
22956
22951
22948
22943
22928
22895
22883
22845
22832
22820
22819
22812
22776
22765
22760
22752
22751
22741
22738
22735
22714
22703
22701
22700
22687
22683
22672
22668
22664
22650
22630
22628
22609
22606
22595
22593
22587
22584
22556
22541
22538
22537
22530
22529
22528
22527
22523
22521
22512
22509
22486
22478
22469
22464
22433
22428
22421
22411
22406
22394
22389
22377
22375
22373
22370
22369
22368
22357
22346
22345
22299
22281
22278
22273
22236
22215
22211
22208
22207
22204
22202
22184
22179
22167
22163
22145
22137
22131
22112
22100
22097
22095
22083
22069
22036
22035
22026
22015
22003
22000
21990
21985
21964
21930
21877
21860
21837
21817
21808
21787
21783
21773
21763
21759
21737
21733
21725
21724
21716
21703
21635
21630
21623
21612
21598
21591
21556
21549
21530
21517
21476
21465
21428
21426
21416
21408
21394
21391
21390
21350
21342
21335
21332
21315
21296
21283
21257
21249
21242
21229
21197
21194
21193
21166
21133
21127
21126
21116
21083
21079
21078
21077
21074
21069
21068
21066
21041
21036
21011
21007
21005
20998
20988
20981
20953
20952
20943
20938
20934
20923
20911
20903
20880
20873
20859
20853
20841
20839
20838
20823
20812
20802
20781
20775
20774
20771
20769
20707
20691
20680
20665
20653
20646
20640
20589
20578
20529
20516
20495
20491
20466
20459
20457
20453
20449
20422
20420
20419
20415
20413
20401
20396
20392
20383
20348
20324
20321
20308
20292
20275
20270
20268
20255
20242
20239
20235
20229
20220
20207
20199
20166
20137
20115
20102
20087
20086
20080
20071
20067
20061
20059
20037
20016
19984
19983
19970
19969
19956
19955
19952
19948
19946
19929
19928
19919
19904
19901
19891
19885
19838
19830
19825
19820
19818
19783
19767
19757
19749
19745
19744
19734
19717
19716
19710
19706
19677
19674
19648
19636
19618
19614
19572
19566
19565
19563
19561
19560
19518
19514
19509
19500
19486
19455
19452
19442
19436
19425
19422
19401
19346
19339
19331
19330
19328
19321
19315
19298
19280
19265
19251
19249
19233
19231
19223
19205
19201
19182
19170
19168
19164
19152
19126
19121
19115
19113
19111
19110
19085
19067
19034
18990
18979
18970
18935
18923
18907
18894
18864
18853
18844
18838
18825
18778
18777
18773
18769
18768
18762
18754
18678
18647
18608
18602
18586
18543
18506
18497
18440
18437
18434
18363
18343
18338
18337
18321
18315
18312
18275
18272
18271
18249
18245
18242
18226
18218
18212
18205
18161
18155
18142
18100
18099
18093
18091
18080
18076
18046
18042
18026
18025
18013
18011
18010
18002
17955
17934
17930
17871
17870
17861
17850
17820
17763
17744
17735
17731
17726
17716
17715
17687
17684
17677
17625
17605
17566
17558
17536
17535
17530
17523
17496
17494
17484
17446
17371
17350
17345
17340
17338
17328
17317
17291
17289
17280
17267
17215
17211
17177
17175
17146
17142
17139
17126
17121
17115
17112
17097
17091
17088
17071
17060
17010
17004
16943
16937
16907
16902
16899
16890
16861
16855
16850
16828
16799
16780
16756
16753
16752
16751
16727
16693
16684
16680
16674
16673
16666
16664
16609
16606
16600
16553
16537
16495
16488
16484
16470
16458
16457
16437
16436
16403
16384
16366
16362
16338
16328
16288
16275
16256
16247
16246
16229
16198
16188
16175
16173
16130
16123
16120
16078
16072
16071
16041
16038
16032
16031
16020
15982
15960
15956
15946
15945
15934
15914
15911
15909
15893
15879
15841
15834
15830
15798
15796
15782
15736
15734
15732
15729
15720
15714
15659
15655
15645
15589
15557
15511
15489
15478
15471
15456
15433
15402
15398
15354
15322
15319
15308
15297
15289
15282
15273
15242
15191
15160
15159
15152
15145
15130
15099
15055
15050
15038
15008
15001
14990
14988
14985
14974
14968
14967
14959
14934
14930
14921
14910
14877
14868
14855
14850
14849
14846
14842
14825
14812
14805
14796
14778
14744
14694
14685
14667
14664
14658
14629
14626
14613
14597
14578
14568
14564
14555
14545
14540
14498
14467
14464
14454
14447
14431
14430
14388
14382
14373
14329
14316
14310
14306
14291
14251
14245
14238
14227
14211
14198
14189
14183
14177
14164
14158
14155
14152
14145
14142
14138
14129
14114
14071
14068
14043
13987
13972
13964
13932
13931
13918
13917
13851
13797
13791
13774
13750
13747
13718
13660
13632
13626
13625
13586
13487
13483
13474
13468
13454
13438
13379
13376
13338
13323
13321
13311
13305
13301
13286
13245
13236
13227
13210
13198
13185
13181
13167
13166
13155
13126
13119
13110
13096
13095
13049
13027
13025
12978
12976
12970
12966
12957
12931
12921
12790
12789
12779
12777
12755
12745
12729
12728
12713
12707
12696
12666
12662
12639
12634
12629
12617
12593
12591
12587
12583
12574
12536
12530
12528
12520
12517
12501
12482
12464
12445
12434
12417
12413
12405
12388
12375
12359
12348
12338
12282
12239
12222
12193
12185
12150
12128
12093
12074
12040
12038
11998
11967
11906
11885
11875
11868
11844
11823
11813
11785
11764
11750
11743
11723
11721
11714
11698
11696
11690
11624
11618
11607
11596
11589
11579
11566
11502
11493
11427
11394
11393
11390
11355
11354
11328
11311
11280
11277
11265
11241
11234
11146
11100
11040
11024
11005
10995
10989
10980
10961
10958
10928
10909
10893
10884
10867
10829
10811
10747
10742
10739
10736
10733
10699
10687
10676
10593
10587
10558
10546
10528
10522
10502
10460
10431
10417
10414
10399
10385
10358
10355
10348
10308
10291
10288
10282
10254
10242
10235
10228
10227
10221
10214
10211
10203
10198
10174
10171
10170
10166
10148
10112
10108
10107
10106
10105
10091
10070
10060
10058
10054
10051
10049
10047
10038
10030
10027
10021
10020
10013
10001
10000
9999
9984
9974
9973
9972
9971
9968
9956
9954
9934
9932
9931
9917
9911
9897
9896
9892
9888
9887
9885
9871
9869
9864
9861
9857
9856
9855
9851
9850
9849
9846
9843
9838
9837
9826
9823
9822
9818
9806
9793
9785
9781
9779
9766
9747
9730
9720
9716
9715
9704
9685
9673
9662
9650
9642
9634
9632
9631
9628
9625
9612
9610
9605
9597
9596
9594
9592
9590
9588
9572
9570
9564
9563
9559
9555
9552
9550
9543
9536
9533
9532
9530
9528
9520
9516
9507
9506
9497
9493
9492
9487
9475
9473
9467
9447
9440
9427
9425
9412
9410
9403
9397
9396
9395
9393
9391
9384
9380
9374
9372
9358
9352
9350
9344
9338
9325
9309
9303
9300
9299
9296
9295
9293
9292
9291
9286
9279
9277
9259
9257
9252
9245
9242
9237
9235
9227
9202
9189
9179
9170
9167
9159
9151
9145
9138
9135
9131
9121
9101
9095
9089
9088
9086
9084
9083
9081
9077
9061
9058
9057
9056
9045
9044
9042
9039
9038
9036
9034
9026
9017
9016
9014
9013
9008
9007
9004
8999
8986
8977
8976
8973
8965
8960
8959
8956
8951
8946
8942
8928
8921
8897
8896
8892
8891
8887
8871
8870
8861
8859
8856
8850
8845
8837
8834
8831
8830
8824
8822
8817
8804
8777
8776
8770
8767
8758
8746
8744
8741
8733
8729
8723
8717
8709
8705
8704
8696
8689
8676
8674
8670
8661
8658
8657
8656
8651
8648
8646
8645
8643
8618
8616
8615
8614
8609
8588
8583
8577
8574
8573
8571
8558
8557
8554
8551
8548
8544
8533
8526
8525
8524
8521
8520
8515
8512
8510
8509
8506
8501
8495
8491
8488
8480
8479
8474
8469
8467
8464
8451
8443
8442
8437
8434
8431
8430
8428
8425
8405
8399
8386
8384
8380
8378
8377
8376
8375
8373
8365
8357
8355
8338
8335
8310
8299
8297
8272
8269
8256
8252
8250
8248
8247
8245
8224
8217
8203
8201
8199
8191
8172
8169
8168
8162
8161
8157
8135
8133
8130
8106
8103
8063
8062
8061
8059
8056
8055
8049
8047
8043
8039
8037
8032
8029
8026
8013
8012
7995
7974
7970
7963
7954
7938
7931
7928
7916
7905
7902
7899
7897
7894
7889
7886
7885
7874
7860
7855
7840
7835
7824
7819
7810
7798
7794
7788
7786
7783
7766
7764
7760
7750
7739
7737
7735
7734
7729
7719
7716
7712
7710
7708
7707
7703
7701
7695
7687
7686
7685
7673
7670
7665
7663
7654
7652
7651
7644
7618
7617
7616
7615
7612
7610
7601
7600
7596
7594
7591
7585
7584
7571
7570
7536
7530
7527
7520
7515
7513
7510
7504
7500
7477
7475
7452
7446
7443
7440
7426
7415
7412
7409
7407
7394
7392
7387
7386
7377
7376
7372
7369
7354
7334
7324
7319
7305
7288
7285
7284
7279
7271
7270
7269
7266
7257
7251
7245
7244
7237
7233
7232
7230
7224
7222
7218
7208
7205
7199
7198
7187
7182
7174
7171
7167
7164
7137
7109
7104
7091
7089
7086
7085
7067
7065
7049
7044
7043
7034
7023
7018
7008
7005
7001
6996
6992
6973
6971
6954
6950
6949
6948
6933
6930
6927
6926
6924
6917
6914
6908
6904
6901
6892
6891
6881
6878
6871
6860
6859
6858
6849
6848
6847
6844
6842
6838
6837
6835
6831
6830
6795
6793
6792
6788
6786
6779
6755
6754
6751
6724
6712
6711
6708
6698
6695
6690
6686
6677
6667
6649
6645
6633
6626
6621
6613
6612
6611
6609
6606
6594
6593
6587
6568
6566
6559
6557
6552
6547
6543
6532
6524
6522
6520
6517
6515
6514
6511
6510
6501
6496
6487
6484
6482
6467
6457
6451
6442
6437
6436
6428
6423
6419
6417
6412
6405
6396
6394
6384
6382
6379
6373
6364
6359
6357
6356
6354
6353
6352
6343
6341
6339
6338
6327
6320
6318
6315
6289
6286
6270
6268
6262
6255
6238
6234
6230
6223
6214
6212
6210
6203
6167
6146
6143
6140
6125
6113
6112
6110
6109
6094
6093
6091
6089
6087
6082
6081
6076
6051
6048
6046
6044
6043
6039
6036
6032
6031
6029
6018
6008
6005
5989
5981
5975
5974
5970
5962
5960
5958
5956
5949
5941
5940
5939
5932
5931
5930
5928
5927
5926
5925
5922
5921
5919
5908
5905
5888
5880
5879
5869
5852
5841
5839
5838
5836
5832
5795
5772
5770
5748
5744
5725
5717
5715
5703
5695
5688
5684
5668
5654
5650
5649
5643
5642
5641
5628
5625
5623
5615
5614
5595
5591
5588
5571
5562
5560
5559
5553
5542
5538
5524
5518
5516
5514
5508
5507
5505
5497
5474
5472
5471
5470
5451
5441
5435
5432
5425
5422
5410
5408
5403
5402
5401
5396
5391
5385
5383
5381
5374
5364
5362
5352
5327
5324
5319
5312
5303
5300
5294
5293
5290
5289
5282
5275
5263
5255
5254
5242
5241
5238
5235
5231
5217
5210
5207
5191
5184
5183
5180
5174
5168
5164
5159
5157
5149
5144
5142
5138
5137
5136
5135
5120
5119
5112
5090
5081
5077
5075
5069
5064
5049
5047
5039
5038
5037
5036
5032
5031
5029
5009
5005
5000
4991
4990
4986
4985
4978
4977
4971
4965
4960
4954
4951
4947
4944
4942
4935
4927
4921
4916
4914
4907
4901
4897
4893
4889
4888
4886
4871
4864
4851
4850
4846
4845
4842
4840
4837
4820
4816
4799
4798
4796
4794
4793
4790
4788
4787
4776
4764
4749
4748
4737
4729
4726
4724
4722
4719
4717
4716
4713
4711
4696
4693
4691
4690
4689
4688
4687
4681
4660
4658
4652
4650
4647
4634
4628
4596
4594
4592
4586
4580
4573
4571
4570
4557
4555
4552
4548
4545
4543
4540
4535
4534
4533
4531
4527
4526
4525
4524
4523
4519
4518
4495
4494
4493
4468
4467
4466
4464
4463
4457
4456
4454
4451
4450
4442
4428
4427
4418
4406
4405
4400
4396
4380
4376
4374
4373
4372
4368
4363
4353
4351
4349
4343
4337
4336
4335
4332
4326
4324
4309
4307
4300
4298
4286
4283
4280
4276
4270
4244
4237
4218
4214
4211
4208
4197
4191
4173
4166
4161
4149
4134
4129
4128
4118
4113
4109
4105
4098
4097
4092
4090
4088
4075
4071
4061
4053
4043
4023
4022
4016
4015
4007
4006
4002
3993
3984
3982
3977
3972
3968
3961
3955
3949
3945
3925
3924
3922
3919
3915
3913
3899
3894
3893
3884
3883
3876
3869
3868
3854
3853
3834
3829
3824
3819
3817
3816
3814
3810
3806
3798
3788
3787
3782
3777
3770
3767
3754
3753
3734
3731
3704
3703
3700
3699
3695
3692
3686
3685
3679
3671
3662
3653
3649
3648
3643
3636
3634
3631
3628
3623
3621
3613
3608
3604
3571
3570
3569
3554
3553
3550
3539
3538
3537
3534
3524
3516
3508
3506
3505
3500
3495
3492
3479
3478
3475
3474
3473
3471
3469
3467
3462
3461
3459
3445
3444
3389
3382
3350
3346
3344
3340
3337
3191
3186
3140
3124
3103
3095
3045
3043
3042
3038
2979
2978
2975
2974
2964
2860
2854
2845
2811
2769
2768
2760
2746
2727
2622
2553
2542
2522
2517
2497
2495
2453
2336
2335
2316
2279
2192
2164
2090
2062
2009
1997
1959
1898
1889
1885
1841
1817
1804
1756
1667
1664
1622
1526
1514
1504
1356
1348
1328
1295
1264
1261
1252
1241
1223
1154
1011
1004
983
945
941
938
936
916
880
857
834
740
707
452
420
378
331
323
234
107
70
68
53
35
32
29
27
24
16
14
9
4
3
